8 0.707763 0.0866667 0.194825 0.17 0.466201
2 0.337139 0.0766667 0.178082 0.136667 0.881721
2 0.556317 0.126667 0.144597 0.133333 0.893323
0 0.215373 0.796667 0.235921 0.37 0.922702
0 0.369863 0.459167 0.121766 0.178333 0.924333
2 0.711568 0.0891667 0.196347 0.161667 0.926848
1 0.535769 0.440833 0.200913 0.231667 0.928699
1 0.814307 0.655833 0.371385 0.621667 0.930808
1 0.133942 0.445833 0.146119 0.228333 0.931062
12 0.325723 0.853333 0.133942 0.166667 0.978675
8 0.707763 0.0866667 0.194825 0.17 0.466201
2 0.337139 0.0766667 0.178082 0.136667 0.881721
2 0.556317 0.126667 0.144597 0.133333 0.893323
0 0.215373 0.796667 0.235921 0.37 0.922702
0 0.369863 0.459167 0.121766 0.178333 0.924333
2 0.711568 0.0891667 0.196347 0.161667 0.926848
1 0.535769 0.440833 0.200913 0.231667 0.928699
1 0.814307 0.655833 0.371385 0.621667 0.930808
1 0.133942 0.445833 0.146119 0.228333 0.931062
12 0.325723 0.853333 0.133942 0.166667 0.978675
