2 0.831492 0.295699 0.19337 0.189964 0.293749
2 0.245856 0.750896 0.458564 0.297491 0.705398
1 0.803867 0.729391 0.348066 0.283154 0.746444
0 0.232044 0.756272 0.464088 0.293907 0.773088
0 0.798343 0.729391 0.359116 0.25448 0.841527
1 0.74125 0.607677 0.2125 0.125679 0.31746
1 0.386875 0.551291 0.19125 0.121603 0.341568
1 0.80875 0.722147 0.19 0.123641 0.427405
1 0.470625 0.691576 0.14875 0.0883152 0.46392
3 0.196875 0.755774 0.11125 0.0631794 0.48424
1 0.483125 0.137568 0.11375 0.0536685 0.569917
6 0.69375 0.267663 0.14 0.0557065 0.5995
1 0.33125 0.709239 0.195 0.0883152 0.712943
1 0.446875 0.334239 0.29125 0.131793 0.761317
