2 0.789735 0.814371 0.188742 0.359281 0.263011
1 0.182119 0.829341 0.278146 0.341317 0.314736
6 0.110927 0.107784 0.142384 0.215569 0.337896
1 0.471854 0.326347 0.65894 0.640719 0.457583
1 0.0958333 0.692094 0.191667 0.199332 0.364779
2 0.601667 0.160356 0.173333 0.0868597 0.408246
1 0.379167 0.812918 0.538333 0.233853 0.518049
1 0.119167 0.503341 0.238333 0.316258 0.537703
2 0.7775 0.0746102 0.255 0.11804 0.542005
2 0.0975 0.679844 0.195 0.210468 0.55425
2 0.155833 0.10412 0.265 0.179287 0.586542
1 0.538333 0.709354 0.31 0.202673 0.652805
2 0.795833 0.107461 0.348333 0.19265 0.67587
1 0.523333 0.443764 0.333333 0.426503 0.718155
2 0.3475 0.153118 0.251667 0.128062 0.722156
1 0.2775 0.466036 0.198333 0.259465 0.799801
