0 0.624702 0.518473 0.0704057 0.0837438 0.260529
5 0.632458 0.503695 0.071599 0.0541872 0.803142
0 0.607399 0.581897 0.0692124 0.12931 0.822582
1 0.437947 0.532635 0.097852 0.181034 0.84895
0 0.575776 0.883005 0.103819 0.137931 0.856638
1 0.555489 0.53633 0.170644 0.173645 0.868886
1 0.124702 0.614532 0.194511 0.165025 0.871749
1 0.51432 0.823276 0.097852 0.134236 0.879821
1 0.277446 0.586207 0.0847255 0.128079 0.879876
1 0.749403 0.831281 0.131265 0.137931 0.886922
1 0.7142 0.559113 0.170644 0.133005 0.888093
