1 0.131679 0.153646 0.263359 0.307292 0.616988
1 0.587786 0.325521 0.221374 0.369792 0.648396
1 0.75 0.544271 0.408397 0.682292 0.673127
1 0.46374 0.440104 0.225191 0.244792 0.831819
3 0.321667 0.528084 0.103333 0.0611835 0.627293
1 0.1225 0.48345 0.231667 0.166499 0.820605
3 0.533333 0.621866 0.123333 0.0641926 0.834458
1 0.825833 0.496991 0.198333 0.213641 0.85818
1 0.525 0.376128 0.243333 0.168506 0.892034
1 0.34 0.415747 0.183333 0.147442 0.898522
1 0.124167 0.757272 0.248333 0.339017 0.899549
1 0.884167 0.719659 0.205 0.346038 0.90818
1 0.7325 0.429288 0.208333 0.212638 0.917422
1 0.636667 0.697593 0.343333 0.422267 0.922755
