1 0.743781 0.14741 0.303483 0.294821 0.250739
1 0.554726 0.553785 0.333333 0.278884 0.306384
1 0.11194 0.482072 0.223881 0.247012 0.322855
5 0.353234 0.290837 0.079602 0.0717131 0.3682
3 0.524876 0.677291 0.124378 0.0876494 0.528377
1 0.104478 0.798805 0.208955 0.40239 0.600354
3 0.338308 0.549801 0.149254 0.0956175 0.656697
1 0.741294 0.386454 0.169154 0.278884 0.785561
1 0.828358 0.50996 0.233831 0.310757 0.819353
1 0.890547 0.7749 0.199005 0.426295 0.876865
1 0.365672 0.394422 0.243781 0.215139 0.881739
1 0.524876 0.320717 0.243781 0.23506 0.887597
1 0.629353 0.741036 0.363184 0.50996 0.910806
