2 0.106557 0.244565 0.213115 0.293478 0.333349
1 0.10929 0.266304 0.218579 0.315217 0.459614
1 0.349727 0.335145 0.327869 0.307971 0.570703
5 0.103825 0.128623 0.20765 0.141304 0.662157
1 0.86612 0.360507 0.234973 0.206522 0.698801
1 0.169399 0.518116 0.327869 0.289855 0.745428
1 0.614754 0.286232 0.333333 0.304348 0.885253
5 0.169399 0.416667 0.20765 0.137681 0.887681
5 0.297814 0.221014 0.191257 0.123188 0.8931
1 0.84153 0.646739 0.262295 0.286232 0.893806
5 0.554645 0.130435 0.213115 0.123188 0.903566
5 0.814208 0.523551 0.218579 0.148551 0.91852
